function C = mako(N)

cm = [[0.0450393500000000,0.0148234400000000,0.0209222700000000;0.0493301800000000,0.0170929200000000,0.0253571900000000;0.0535626200000000,0.0195070200000000,0.0301880200000000;0.0577433700000000,0.0220598900000000,0.0354551500000000;0.0618809500000000,0.0247476400000000,0.0411528700000000;0.0659824700000000,0.0275665000000000,0.0469140900000000;0.0700537400000000,0.0305127800000000,0.0526430600000000;0.0740994700000000,0.0335832400000000,0.0583463100000000;0.0781233900000000,0.0367744600000000,0.0640324900000000;0.0821285200000000,0.0400833000000000,0.0697086200000000;0.0861173100000000,0.0433914800000000,0.0753820800000000;0.0900916100000000,0.0466470600000000,0.0810556800000000;0.0940530800000000,0.0498568500000000,0.0867359100000000;0.0980030100000000,0.0530227900000000,0.0924264600000000;0.101942550000000,0.0561464100000000,0.0981316200000000;0.105872610000000,0.0592294100000000,0.103854000000000;0.109794200000000,0.0622727700000000,0.109598470000000;0.113708260000000,0.0652774700000000,0.115368930000000;0.117615160000000,0.0682454800000000,0.121163930000000;0.121515750000000,0.0711774100000000,0.126987630000000;0.125410950000000,0.0740736300000000,0.132844200000000;0.129300830000000,0.0769361100000000,0.138730640000000;0.133178490000000,0.0797698800000000,0.144650950000000;0.137011380000000,0.0825968300000000,0.150602650000000;0.140792230000000,0.0854212600000000,0.156593790000000;0.144524860000000,0.0882417500000000,0.162624840000000;0.148203510000000,0.0910630400000000,0.168694760000000;0.151831850000000,0.0938837200000000,0.174803660000000;0.155403980000000,0.0967085500000000,0.180949930000000;0.158924170000000,0.0995356100000000,0.187133840000000;0.162385880000000,0.102369980000000,0.193353290000000;0.165794350000000,0.105209050000000,0.199608470000000;0.169142260000000,0.108058320000000,0.205896980000000;0.172435860000000,0.110914430000000,0.212219110000000;0.175667170000000,0.113783210000000,0.218572190000000;0.178843220000000,0.116660740000000,0.224956500000000;0.181955820000000,0.119552830000000,0.231369430000000;0.185012130000000,0.122455470000000,0.237811160000000;0.188004590000000,0.125373950000000,0.244279140000000;0.190939440000000,0.128304700000000,0.250773690000000;0.193810920000000,0.131251790000000,0.257292550000000;0.196623070000000,0.134213030000000,0.263835430000000;0.199373370000000,0.137190280000000,0.270401110000000;0.202061870000000,0.140183720000000,0.276988910000000;0.204691160000000,0.143191960000000,0.283598610000000;0.207255470000000,0.146218820000000,0.290227750000000;0.209762580000000,0.149259540000000,0.296877950000000;0.212204090000000,0.152319290000000,0.303547030000000;0.214586110000000,0.155394450000000,0.310235630000000;0.216908270000000,0.158485190000000,0.316943550000000;0.219164810000000,0.161594890000000,0.323669390000000;0.221363100000000,0.164719130000000,0.330414310000000;0.223499470000000,0.167859900000000,0.337177810000000;0.225571400000000,0.171018500000000,0.343959250000000;0.227584150000000,0.174191690000000,0.350759830000000;0.229535690000000,0.177380410000000,0.357579410000000;0.231420770000000,0.180587330000000,0.364417300000000;0.233245400000000,0.183808720000000,0.371275140000000;0.235009200000000,0.187044590000000,0.378152800000000;0.236707850000000,0.190297000000000,0.385049730000000;0.238341190000000,0.193565470000000,0.391967110000000;0.239911890000000,0.196848170000000,0.398905810000000;0.241419030000000,0.200145080000000,0.405866700000000;0.242862140000000,0.203456420000000,0.412848400000000;0.244234530000000,0.206784590000000,0.419852990000000;0.245541090000000,0.210126690000000,0.426881240000000;0.246781500000000,0.213482660000000,0.433932440000000;0.247953930000000,0.216852490000000,0.441008800000000;0.249056140000000,0.220236180000000,0.448113000000000;0.250073830000000,0.223650530000000,0.455195620000000;0.250989260000000,0.227106640000000,0.462238920000000;0.251796960000000,0.230603420000000,0.469254470000000;0.252493460000000,0.234143530000000,0.476231960000000;0.253074010000000,0.237729730000000,0.483162710000000;0.253531520000000,0.241369610000000,0.490019760000000;0.253861670000000,0.245065480000000,0.496794070000000;0.254060820000000,0.248816400000000,0.503489320000000;0.254124350000000,0.252628430000000,0.510078430000000;0.254048420000000,0.256507430000000,0.516532820000000;0.253831340000000,0.260448520000000,0.522868450000000;0.253470500000000,0.264461650000000,0.529034220000000;0.252967220000000,0.268542800000000,0.535035720000000;0.252322600000000,0.272693460000000,0.540853150000000;0.251539740000000,0.276916290000000,0.546457520000000;0.250624020000000,0.281204670000000,0.551859390000000;0.249582050000000,0.285563710000000,0.557012460000000;0.248423860000000,0.289981480000000,0.561946010000000;0.247159280000000,0.294463270000000,0.566608840000000;0.245800990000000,0.298993980000000,0.571043990000000;0.244362020000000,0.303578520000000,0.575199290000000;0.242855910000000,0.308199380000000,0.579132470000000;0.241298280000000,0.312862350000000,0.582786150000000;0.239701310000000,0.317549500000000,0.586227200000000;0.238079730000000,0.322263440000000,0.589418720000000;0.236445570000000,0.326992410000000,0.592401980000000;0.234811300000000,0.331731960000000,0.595182820000000;0.233188740000000,0.336480360000000,0.597755430000000;0.231585500000000,0.341227630000000,0.600164560000000;0.230011210000000,0.345973570000000,0.602402510000000;0.228474800000000,0.350715120000000,0.604478400000000;0.226980810000000,0.355446120000000,0.606425280000000;0.225533050000000,0.360165150000000,0.608252520000000;0.224139770000000,0.364873410000000,0.609949380000000;0.222802460000000,0.369567280000000,0.611541180000000;0.221525550000000,0.374244090000000,0.613044720000000;0.220307520000000,0.378904370000000,0.614466460000000;0.219153800000000,0.383546680000000,0.615815610000000;0.218062570000000,0.388171690000000,0.617097940000000;0.217037990000000,0.392778820000000,0.618319220000000;0.216077920000000,0.397369580000000,0.619480280000000;0.215184630000000,0.401941960000000,0.620597630000000;0.214354670000000,0.406497170000000,0.621675070000000;0.213586630000000,0.411035790000000,0.622717240000000;0.212881720000000,0.415557710000000,0.623730110000000;0.212238350000000,0.420063550000000,0.624717940000000;0.211653120000000,0.424554410000000,0.625683710000000;0.211125260000000,0.429030640000000,0.626631800000000;0.210651610000000,0.433493210000000,0.627565040000000;0.210233060000000,0.437942880000000,0.628482790000000;0.209859960000000,0.442382270000000,0.629383290000000;0.209510450000000,0.446809660000000,0.630306960000000;0.209167090000000,0.451229810000000,0.631244830000000;0.208829760000000,0.455643350000000,0.632195990000000;0.208497980000000,0.460050940000000,0.633159280000000;0.208171990000000,0.464453090000000,0.634133910000000;0.207851490000000,0.468850410000000,0.635118760000000;0.207537160000000,0.473243270000000,0.636113210000000;0.207228760000000,0.477632240000000,0.637116080000000;0.206926790000000,0.482017740000000,0.638126560000000;0.206631560000000,0.486400180000000,0.639143670000000;0.206343360000000,0.490780020000000,0.640166380000000;0.206063030000000,0.495157550000000,0.641193900000000;0.205789990000000,0.499533410000000,0.642224570000000;0.205526120000000,0.503907660000000,0.643258110000000;0.205271890000000,0.508280720000000,0.644293310000000;0.205028680000000,0.512652770000000,0.645329470000000;0.204797180000000,0.517024170000000,0.646365390000000;0.204578040000000,0.521395270000000,0.647399790000000;0.204373040000000,0.525766220000000,0.648431980000000;0.204183960000000,0.530137150000000,0.649461170000000;0.204012380000000,0.534508250000000,0.650486380000000;0.203858960000000,0.538879910000000,0.651506060000000;0.203726530000000,0.543252080000000,0.652519780000000;0.203617090000000,0.547624900000000,0.653526600000000;0.203532580000000,0.551998540000000,0.654525420000000;0.203474720000000,0.556373180000000,0.655515000000000;0.203447180000000,